cam0:
  cam_overlaps: [1]
  camera_model: pinhole
  distortion_coeffs: [-0.12405793, 0.16746947, -0.00021598, -0.00018174]
  distortion_model: radtan
  intrinsics: [491.16192596, 490.97975075, 314.51763754, 190.73885935]
  resolution: [640, 400]
  rostopic: /cam0/image_raw
