# 20240123
# cam0:
#   cam_overlaps: [1]
#   camera_model: pinhole
#   distortion_coeffs: [-0.12318351403514591, 0.16380499494158648, -0.00022967943744140625, -1.6894187578676695e-06]
#   distortion_model: radtan
#   intrinsics: [491.1175047431204, 491.1267371233013, 311.5749423856366, 186.03137903578298]
#   resolution: [640, 400]
#   rostopic: /cam0/image_raw

# 20240124
cam0:
  cam_overlaps: [1]
  camera_model: pinhole
  distortion_coeffs: [-0.12641423420859266, 0.16737504939734388, -0.00047362433329620787, 5.767941843182396e-05]
  distortion_model: radtan
  intrinsics: [492.0412807242683, 491.99286127741703, 311.0314525366407, 185.45381587420417]
  resolution: [640, 400]
  rostopic: /cam0/image_raw
