cam0:
  cam_overlaps: [1]
  camera_model: pinhole
  distortion_coeffs: [-0.12776822354440687, 0.17648330956502245, 0.000505139965519496, -0.0001735423963450119]
  distortion_model: radtan
  intrinsics: [1483.7798944707022, 1483.3941137779884, 940.8160761089846, 594.6016980285177]
  resolution: [1920, 1200]
  rostopic: /cam0/image_raw
