rostopic: /imu0
update_rate: 500.0 #Hz

accelerometer_noise_density: 1.1445091711344538e-02   #continous
accelerometer_random_walk: 2.4109805203458503e-04
gyroscope_noise_density: 1.9718085727619497e-03       #continous
gyroscope_random_walk: 4.5877194514274311e-06
