rostopic: /imu0
update_rate: 420.0 #Hz

accelerometer_noise_density: 1.1708322043224301e-02   #continous
accelerometer_random_walk: 2.8762088014077687e-04
gyroscope_noise_density: 1.5449458065537969e-03       #continous
gyroscope_random_walk: 1.1835350654758264e-05
